Root: 1.044975
Iterations: 6
time: 0.000203
